T u_ddot u_dot u pseudo
0.000	             0.87490	             0.00000	             0.00000	             0.87490
0.020	             0.90418	             0.00209	             0.00009	             0.90418
0.040	             0.94880	             0.01629	             0.00038	             0.94877
0.060	             0.90719	             0.03052	             0.00081	             0.90715
0.080	             1.21954	             0.11413	             0.00194	             1.21956
0.100	             1.98060	             0.20888	             0.00492	             1.98024
0.120	             2.33392	             0.42797	             0.00835	             2.33425
0.140	             1.86961	             0.38784	             0.00910	             1.86920
0.160	             1.91646	             0.41413	             0.01219	             1.91617
0.180	             2.47355	             0.66829	             0.01992	             2.47378
0.200	             2.19565	             0.66057	             0.02182	             2.19544
0.220	             2.27049	             0.60220	             0.02731	             2.27050
0.240	             2.44474	             0.71354	             0.03499	             2.44450
0.260	             2.98507	             1.19104	             0.05014	             2.98490
0.280	             2.61279	             1.09974	             0.05090	             2.61267
0.300	             2.76273	             1.26787	             0.06179	             2.76298
0.320	             2.66496	             1.31926	             0.06782	             2.66536
0.340	             2.46724	             1.29618	             0.07087	             2.46717
0.360	             2.01323	             1.13581	             0.06484	             2.01347
0.380	             1.56522	             0.90507	             0.05616	             1.56517
0.400	             1.49280	             0.87676	             0.05936	             1.49292
0.420	             1.35251	             0.85554	             0.05929	             1.35265
0.440	             1.57999	             1.03401	             0.07600	             1.57971
0.460	             1.34781	             0.94988	             0.07088	             1.34794
0.480	             1.56225	             1.10215	             0.08943	             1.56206
0.500	             1.95750	             1.49558	             0.12161	             1.95758
0.520	             2.45366	             1.98034	             0.16488	             2.45386
0.540	             2.04816	             1.61761	             0.14840	             2.04808
0.560	             2.11955	             1.79157	             0.16517	             2.11958
0.580	             2.15970	             1.88609	             0.18054	             2.15975
0.600	             2.17181	             1.96347	             0.19430	             2.17201
0.620	             2.27460	             2.18068	             0.21725	             2.27438
0.640	             2.40556	             2.43081	             0.24486	             2.40574
0.660	             2.40353	             2.47216	             0.26018	             2.40366
0.680	             2.43166	             2.55018	             0.27938	             2.43146
0.700	             2.21974	             2.38922	             0.27028	             2.21980
0.720	             1.98726	             2.17572	             0.25598	             1.98717
0.740	             1.74035	             2.02680	             0.23679	             1.74019
0.760	             1.46033	             1.77855	             0.20960	             1.46035
0.780	             1.27085	             1.53880	             0.19211	             1.27073
0.800	             1.22813	             1.51084	             0.19531	             1.22813
0.820	             1.20826	             1.57494	             0.20186	             1.20812
0.840	             1.13988	             1.46602	             0.19985	             1.13983
0.860	             1.09491	             1.43469	             0.20122	             1.09488
0.880	             1.05022	             1.41421	             0.20210	             1.05024
0.900	             1.00574	             1.42264	             0.20242	             1.00567
0.920	             0.96173	             1.42709	             0.20225	             0.96163
0.940	             0.91870	             1.42847	             0.20173	             0.91875
0.960	             0.87889	             1.42601	             0.20128	             0.87894
0.980	             0.86702	             1.42225	             0.20693	             0.86707
1.000	             0.90832	             1.41557	             0.22569	             0.90823
1.020	             0.89307	             1.44071	             0.23087	             0.89300
1.040	             0.85194	             1.41302	             0.22898	             0.85198
1.060	             0.89062	             1.40726	             0.24867	             0.89064
1.080	             0.90885	             1.49759	             0.26343	             0.90889
1.100	             0.90690	             1.55790	             0.27267	             0.90687
1.120	             0.89927	             1.61039	             0.28029	             0.89920
1.140	             0.89359	             1.59901	             0.28856	             0.89355
1.160	             0.86180	             1.58010	             0.28816	             0.86182
1.180	             0.81403	             1.52936	             0.28165	             0.81402
1.200	             0.79084	             1.46084	             0.28297	             0.79080
1.220	             0.76470	             1.39652	             0.28281	             0.76465
1.240	             0.73533	             1.47293	             0.28094	             0.73529
1.260	             0.74041	             1.49601	             0.29210	             0.74043
1.280	             0.74117	             1.47806	             0.30175	             0.74118
1.300	             0.73084	             1.43531	             0.30690	             0.73081
1.320	             0.70840	             1.40001	             0.30671	             0.70839
1.340	             0.67378	             1.37856	             0.30061	             0.67374
1.360	             0.65300	             1.41558	             0.30012	             0.65299
1.380	             0.67510	             1.45409	             0.31948	             0.67511
1.400	             0.67561	             1.47376	             0.32883	             0.67516
1.420	             0.65706	             1.47052	             0.32921	             0.65704
1.440	             0.62541	             1.42049	             0.32226	             0.62541
1.460	             0.57689	             1.32783	             0.30557	             0.57690
1.480	             0.52988	             1.24581	             0.28841	             0.52988
1.500	             0.51791	             1.21665	             0.28956	             0.51790
1.520	             0.50560	             1.18306	             0.29026	             0.50558
1.540	             0.49300	             1.14577	             0.29052	             0.49298
1.560	             0.48017	             1.12164	             0.29036	             0.48015
1.580	             0.46714	             1.11885	             0.28978	             0.46713
1.600	             0.45399	             1.11367	             0.28880	             0.45399
1.620	             0.44080	             1.10672	             0.28747	             0.44081
1.640	             0.42765	             1.09836	             0.28582	             0.42765
1.660	             0.41460	             1.08831	             0.28389	             0.41459
1.680	             0.40169	             1.07706	             0.28171	             0.40168
1.700	             0.38897	             1.06491	             0.27932	             0.38896
1.720	             0.37648	             1.05163	             0.27676	             0.37647
1.740	             0.39612	             1.08638	             0.29801	             0.39612
1.760	             0.43304	             1.19221	             0.33332	             0.43303
1.780	             0.46372	             1.24969	             0.36508	             0.46370
1.800	             0.48807	             1.35428	             0.39293	             0.48804
1.820	             0.50627	             1.44990	             0.41669	             0.50624
1.840	             0.51884	             1.52344	             0.43649	             0.51883
1.860	             0.52646	             1.57052	             0.45258	             0.52645
1.880	             0.52976	             1.59179	             0.46528	             0.52977
1.900	             0.52938	             1.61089	             0.47487	             0.52936
1.920	             0.52670	             1.62785	             0.48245	             0.52668
1.940	             0.52503	             1.63361	             0.49101	             0.52502
1.960	             0.51993	             1.63127	             0.49633	             0.51994
1.980	             0.51193	             1.62181	             0.49869	             0.51191
2.000	             0.50142	             1.60035	             0.49839	             0.50142
2.020	             0.49446	             1.56721	             0.50136	             0.49447
2.040	             0.48658	             1.54714	             0.50317	             0.48657
2.060	             0.47666	             1.55655	             0.50262	             0.47664
2.080	             0.46486	             1.55554	             0.49974	             0.46485
2.100	             0.45127	             1.54649	             0.49451	             0.45126
2.120	             0.43609	             1.53416	             0.48701	             0.43607
2.140	             0.41964	             1.52126	             0.47755	             0.41964
2.160	             0.40247	             1.50540	             0.46659	             0.40246
2.180	             0.38959	             1.48532	             0.46007	             0.38959
2.200	             0.38192	             1.46053	             0.45932	             0.38191
2.220	             0.37363	             1.42923	             0.45755	             0.37361
2.240	             0.36485	             1.39074	             0.45490	             0.36485
2.260	             0.35574	             1.34552	             0.45148	             0.35573
2.280	             0.34631	             1.29446	             0.44732	             0.34629
2.300	             0.33650	             1.23911	             0.44232	             0.33649
2.320	             0.32629	             1.18082	             0.43640	             0.32628
2.340	             0.31566	             1.15215	             0.42949	             0.31565
2.360	             0.30463	             1.13303	             0.42159	             0.30462
2.380	             0.29323	             1.11072	             0.41273	             0.29323
2.400	             0.28375	             1.08613	             0.40614	             0.28375
2.420	             0.27514	             1.06204	             0.40040	             0.27514
2.440	             0.26648	             1.04671	             0.39424	             0.26648
2.460	             0.25783	             1.03200	             0.38770	             0.25782
2.480	             0.24922	             1.01576	             0.38086	             0.24921
2.500	             0.24071	             1.00985	             0.37383	             0.24071
2.520	             0.23234	             1.00692	             0.36663	             0.23234
2.540	             0.22412	             1.00237	             0.35930	             0.22412
2.560	             0.21606	             0.99625	             0.35184	             0.21605
2.580	             0.20816	             0.98868	             0.34430	             0.20816
2.600	             0.20046	             0.97979	             0.33672	             0.20046
2.620	             0.19297	             0.96971	             0.32915	             0.19297
2.640	             0.18571	             0.95852	             0.32162	             0.18570
2.660	             0.17871	             0.94632	             0.31420	             0.17871
2.680	             0.17202	             0.93325	             0.30701	             0.17202
2.700	             0.16676	             0.91946	             0.30206	             0.16675
2.720	             0.16314	             0.90499	             0.29992	             0.16314
2.740	             0.15953	             0.88999	             0.29760	             0.15952
2.760	             0.15592	             0.87452	             0.29513	             0.15591
2.780	             0.15232	             0.85863	             0.29250	             0.15231
2.800	             0.14873	             0.84238	             0.28974	             0.14872
2.820	             0.14516	             0.82587	             0.28685	             0.14516
2.840	             0.14163	             0.80906	             0.28384	             0.14162
2.860	             0.13812	             0.79216	             0.28072	             0.13811
2.880	             0.13465	             0.77508	             0.27752	             0.13465
2.900	             0.13122	             0.75803	             0.27423	             0.13122
2.920	             0.12785	             0.74091	             0.27086	             0.12784
2.940	             0.12452	             0.72388	             0.26743	             0.12451
2.960	             0.12124	             0.70692	             0.26396	             0.12124
2.980	             0.11803	             0.69004	             0.26044	             0.11802
3.000	             0.11487	             0.67338	             0.25690	             0.11487
3.020	             0.11178	             0.66481	             0.25333	             0.11178
3.040	             0.10876	             0.65664	             0.24976	             0.10876
3.060	             0.10580	             0.64855	             0.24618	             0.10580
3.080	             0.10292	             0.64046	             0.24260	             0.10291
3.100	             0.10010	             0.63240	             0.23902	             0.10009
3.120	             0.09734	             0.62437	             0.23546	             0.09734
3.140	             0.09466	             0.61639	             0.23190	             0.09465
3.160	             0.09203	             0.60847	             0.22836	             0.09203
3.180	             0.08947	             0.60470	             0.22483	             0.08947
3.200	             0.08697	             0.60314	             0.22131	             0.08697
3.220	             0.08454	             0.60160	             0.21780	             0.08454
3.240	             0.08216	             0.60010	             0.21432	             0.08216
3.260	             0.07985	             0.59864	             0.21086	             0.07984
3.280	             0.07759	             0.59720	             0.20742	             0.07759
3.300	             0.07539	             0.59579	             0.20401	             0.07539
3.320	             0.07325	             0.59441	             0.20063	             0.07325
3.340	             0.07117	             0.59417	             0.19728	             0.07117
3.360	             0.06914	             0.59427	             0.19397	             0.06914
3.380	             0.06717	             0.59436	             0.19069	             0.06717
3.400	             0.06526	             0.59445	             0.18745	             0.06526
3.420	             0.06340	             0.59453	             0.18425	             0.06339
3.440	             0.06158	             0.59461	             0.18109	             0.06158
3.460	             0.05982	             0.59469	             0.17796	             0.05982
3.480	             0.05831	             0.59476	             0.17547	             0.05831
3.500	             0.05717	             0.59483	             0.17401	             0.05716
3.520	             0.05605	             0.59490	             0.17257	             0.05605
3.540	             0.05498	             0.59496	             0.17121	             0.05498
3.560	             0.05401	             0.59502	             0.17009	             0.05401
3.580	             0.05306	             0.59508	             0.16899	             0.05306
3.600	             0.05214	             0.59514	             0.16790	             0.05214
3.620	             0.05123	             0.59519	             0.16682	             0.05123
3.640	             0.05034	             0.59525	             0.16575	             0.05034
3.660	             0.04947	             0.59532	             0.16468	             0.04947
3.680	             0.04862	             0.59538	             0.16362	             0.04862
3.700	             0.04779	             0.59544	             0.16256	             0.04779
3.720	             0.04697	             0.59549	             0.16151	             0.04697
3.740	             0.04617	             0.59554	             0.16047	             0.04617
3.760	             0.04539	             0.59560	             0.15944	             0.04538
3.780	             0.04462	             0.59564	             0.15841	             0.04461
3.800	             0.04386	             0.59569	             0.15739	             0.04386
3.820	             0.04313	             0.59573	             0.15637	             0.04312
3.840	             0.04240	             0.59578	             0.15537	             0.04240
3.860	             0.04170	             0.59582	             0.15437	             0.04169
3.880	             0.04100	             0.59585	             0.15337	             0.04100
3.900	             0.04032	             0.59589	             0.15239	             0.04032
3.920	             0.03966	             0.59592	             0.15142	             0.03965
3.940	             0.03900	             0.59596	             0.15045	             0.03900
3.960	             0.03837	             0.59599	             0.14950	             0.03837
3.980	             0.03774	             0.59602	             0.14855	             0.03774
4.000	             0.03713	             0.59605	             0.14762	             0.03713
