T u_ddot u_dot u 
               0.000	             0.87490	             0.00000	             0.00000	
               0.020	             0.80684	             0.01134	             0.00032	
               0.040	             0.76506	             0.02745	             0.00121	
               0.060	             0.75123	             0.04114	             0.00268	
               0.080	             0.72493	             0.07446	             0.00458	
               0.100	             0.88929	             0.15372	             0.00878	
               0.120	             0.75475	             0.15330	             0.01073	
               0.140	             0.71529	             0.18262	             0.01389	
               0.160	             0.93594	             0.27508	             0.02369	
               0.180	             0.81018	             0.26003	             0.02595	
               0.200	             0.97028	             0.41982	             0.03821	
               0.220	             1.00390	             0.51186	             0.04778	
               0.240	             1.02655	             0.63018	             0.05831	
               0.260	             0.97289	             0.70133	             0.06466	
               0.280	             0.88415	             0.71456	             0.06830	
               0.300	             0.84193	             0.71906	             0.07449	
               0.320	             0.67093	             0.59528	             0.06746	
               0.340	             0.39722	             0.45074	             0.04504	
               0.360	             0.40573	             0.43777	             0.05166	
               0.380	             0.40928	             0.46806	             0.05816	
               0.400	             0.40604	             0.53408	             0.06371	
               0.420	             0.40776	             0.58485	             0.07068	
               0.440	             0.42118	             0.59985	             0.07996	
               0.460	             0.43322	             0.61826	             0.09011	
               0.480	             0.44426	             0.64044	             0.10071	
               0.500	             0.45420	             0.66725	             0.11147	
               0.520	             0.46162	             0.70079	             0.12254	
               0.540	             0.46539	             0.74246	             0.13349	
               0.560	             0.45959	             0.79765	             0.14181	
               0.580	             0.43834	             0.86751	             0.14453	
               0.600	             0.43205	             0.91447	             0.15272	
               0.620	             0.44745	             0.94166	             0.16910	
               0.640	             0.45714	             0.97638	             0.18418	
               0.660	             0.47915	             1.00817	             0.20523	
               0.680	             0.49498	             1.04781	             0.22479	
               0.700	             0.44082	             1.09532	             0.21129	
               0.720	             0.44082	             1.09532	             0.21129	
               0.740	             0.40300	             1.14711	             0.21577	
               0.760	             0.23025	             0.91318	             0.12983	
               0.780	             0.22331	             0.90674	             0.13227	
               0.800	             0.21622	             0.89946	             0.13461	
               0.820	             0.20904	             0.89103	             0.13682	
               0.840	             0.20192	             0.88223	             0.13885	
               0.860	             0.19523	             0.87347	             0.14065	
               0.880	             0.18856	             0.86470	             0.14232	
               0.900	             0.18219	             0.85594	             0.14382	
               0.920	             0.17624	             0.84750	             0.14512	
               0.940	             0.17175	             0.84252	             0.14755	
               0.960	             0.17137	             0.84814	             0.15373	
               0.980	             0.16967	             0.84974	             0.15908	
               1.000	             0.16770	             0.85013	             0.16381	
               1.020	             0.16701	             0.85390	             0.16952	
               1.040	             0.16568	             0.85574	             0.17491	
               1.060	             0.16457	             0.85780	             0.18052	
               1.080	             0.16365	             0.85992	             0.18641	
               1.100	             0.16261	             0.86147	             0.19218	
               1.120	             0.16178	             0.86333	             0.19820	
               1.140	             0.16135	             0.86597	             0.20452	
               1.160	             0.15730	             0.85804	             0.20686	
               1.180	             0.15595	             0.85788	             0.21207	
               1.200	             0.15134	             0.84808	             0.21316	
               1.220	             0.14795	             0.84142	             0.21539	
               1.240	             0.14488	             0.83517	             0.21835	
               1.260	             0.14361	             0.83416	             0.22352	
               1.280	             0.13796	             0.82013	             0.22126	
               1.300	             0.13457	             0.81231	             0.22259	
               1.320	             0.13103	             0.80408	             0.22354	
               1.340	             0.12790	             0.79657	             0.22550	
               1.360	             0.12629	             0.79350	             0.22906	
               1.380	             0.12279	             0.78478	             0.22894	
               1.400	             0.11962	             0.77699	             0.22932	
               1.420	             0.11639	             0.76895	             0.23001	
               1.440	             0.10849	             0.74672	             0.22036	
               1.460	             0.10483	             0.73704	             0.21894	
               1.480	             0.10133	             0.72773	             0.21749	
               1.500	             0.09798	             0.71882	             0.21636	
               1.520	             0.09493	             0.71074	             0.21521	
               1.540	             0.09232	             0.70389	             0.21394	
               1.560	             0.08927	             0.69565	             0.21261	
               1.580	             0.08648	             0.68811	             0.21120	
               1.600	             0.08379	             0.68077	             0.20976	
               1.620	             0.08194	             0.67603	             0.21035	
               1.640	             0.08117	             0.67471	             0.21366	
               1.660	             0.08035	             0.67316	             0.21654	
               1.680	             0.07956	             0.67164	             0.21940	
               1.700	             0.07871	             0.66992	             0.22260	
               1.720	             0.07773	             0.66775	             0.22458	
               1.740	             0.07629	             0.66411	             0.22576	
               1.760	             0.07451	             0.65940	             0.22580	
               1.780	             0.07294	             0.65532	             0.22579	
               1.800	             0.07136	             0.65117	             0.22569	
               1.820	             0.06970	             0.64679	             0.22521	
               1.840	             0.06801	             0.64226	             0.22450	
               1.860	             0.06630	             0.63770	             0.22353	
               1.880	             0.06458	             0.63304	             0.22243	
               1.900	             0.06285	             0.62837	             0.22117	
               1.920	             0.06106	             0.62347	             0.21939	
               1.940	             0.05872	             0.61685	             0.21582	
               1.960	             0.05666	             0.61107	             0.21206	
               1.980	             0.05504	             0.60669	             0.21028	
               2.000	             0.05392	             0.60386	             0.21020	
               2.020	             0.05282	             0.60108	             0.21009	
               2.040	             0.05175	             0.59836	             0.20989	
               2.060	             0.05070	             0.59572	             0.20967	
               2.080	             0.04967	             0.59313	             0.20937	
               2.100	             0.04866	             0.59062	             0.20902	
               2.120	             0.04768	             0.58951	             0.20864	
               2.140	             0.04671	             0.59022	             0.20820	
               2.160	             0.04577	             0.59091	             0.20775	
               2.180	             0.04485	             0.59157	             0.20727	
               2.200	             0.04394	             0.59221	             0.20677	
               2.220	             0.04306	             0.59282	             0.20624	
               2.240	             0.04219	             0.59341	             0.20567	
               2.260	             0.04135	             0.59397	             0.20509	
               2.280	             0.04052	             0.59450	             0.20447	
               2.300	             0.03971	             0.59501	             0.20385	
               2.320	             0.03892	             0.59550	             0.20320	
               2.340	             0.03815	             0.59597	             0.20253	
               2.360	             0.03740	             0.59641	             0.20186	
               2.380	             0.03667	             0.59683	             0.20116	
               2.400	             0.03595	             0.59724	             0.20045	
               2.420	             0.03525	             0.59763	             0.19975	
               2.440	             0.03456	             0.59799	             0.19902	
               2.460	             0.03384	             0.59840	             0.19840	
               2.480	             0.03329	             0.59862	             0.19743	
               2.500	             0.03255	             0.59905	             0.19692	
               2.520	             0.03202	             0.59926	             0.19596	
               2.540	             0.03137	             0.59959	             0.19529	
               2.560	             0.03078	             0.59986	             0.19454	
               2.580	             0.03019	             0.60013	             0.19377	
               2.600	             0.02962	             0.60039	             0.19300	
               2.620	             0.02907	             0.60065	             0.19223	
               2.640	             0.02853	             0.60090	             0.19146	
               2.660	             0.02799	             0.60114	             0.19069	
               2.680	             0.02748	             0.60137	             0.18992	
               2.700	             0.02697	             0.60159	             0.18914	
               2.720	             0.02647	             0.60180	             0.18836	
               2.740	             0.02599	             0.60199	             0.18758	
               2.760	             0.02556	             0.60214	             0.18672	
               2.780	             0.02509	             0.60232	             0.18595	
               2.800	             0.02463	             0.60249	             0.18518	
               2.820	             0.02419	             0.60265	             0.18441	
               2.840	             0.02375	             0.60280	             0.18363	
               2.860	             0.02333	             0.60295	             0.18286	
               2.880	             0.02291	             0.60309	             0.18209	
               2.900	             0.02251	             0.60322	             0.18132	
               2.920	             0.02211	             0.60334	             0.18053	
               2.940	             0.02172	             0.60345	             0.17975	
               2.960	             0.02129	             0.60362	             0.17904	
               2.980	             0.02093	             0.60371	             0.17824	
               3.000	             0.02058	             0.60380	             0.17743	
               3.020	             0.02023	             0.60388	             0.17663	
               3.040	             0.01988	             0.60396	             0.17582	
               3.060	             0.01955	             0.60403	             0.17501	
               3.080	             0.01922	             0.60410	             0.17421	
               3.100	             0.01889	             0.60417	             0.17340	
               3.120	             0.01857	             0.60423	             0.17259	
               3.140	             0.01826	             0.60429	             0.17179	
               3.160	             0.01796	             0.60435	             0.17098	
               3.180	             0.01766	             0.60440	             0.17017	
               3.200	             0.01740	             0.60441	             0.16935	
               3.220	             0.01710	             0.60446	             0.16854	
               3.240	             0.01682	             0.60451	             0.16775	
               3.260	             0.01653	             0.60455	             0.16694	
               3.280	             0.01626	             0.60459	             0.16615	
               3.300	             0.01599	             0.60462	             0.16535	
               3.320	             0.01573	             0.60465	             0.16456	
               3.340	             0.01547	             0.60468	             0.16377	
               3.360	             0.01522	             0.60470	             0.16298	
               3.380	             0.01497	             0.60472	             0.16219	
               3.400	             0.01473	             0.60474	             0.16141	
               3.420	             0.01450	             0.60475	             0.16062	
               3.440	             0.01426	             0.60476	             0.15984	
               3.460	             0.01404	             0.60477	             0.15907	
               3.480	             0.01382	             0.60478	             0.15831	
               3.500	             0.01360	             0.60478	             0.15755	
               3.520	             0.01337	             0.60473	             0.15663	
               3.540	             0.01317	             0.60459	             0.15559	
               3.560	             0.01292	             0.60438	             0.15428	
               3.580	             0.01267	             0.60417	             0.15291	
               3.600	             0.01244	             0.60398	             0.15167	
               3.620	             0.01221	             0.60379	             0.15044	
               3.640	             0.01199	             0.60361	             0.14922	
               3.660	             0.01175	             0.60339	             0.14786	
               3.680	             0.01154	             0.60321	             0.14666	
               3.700	             0.01133	             0.60303	             0.14547	
               3.720	             0.01113	             0.60286	             0.14430	
               3.740	             0.01093	             0.60269	             0.14313	
               3.760	             0.01074	             0.60252	             0.14199	
               3.780	             0.01055	             0.60236	             0.14087	
               3.800	             0.01037	             0.60220	             0.13975	
               3.820	             0.01019	             0.60204	             0.13866	
               3.840	             0.01001	             0.60189	             0.13758	
               3.860	             0.00984	             0.60174	             0.13652	
               3.880	             0.00967	             0.60159	             0.13549	
               3.900	             0.00951	             0.60145	             0.13447	
               3.920	             0.00935	             0.60131	             0.13353	
               3.940	             0.00921	             0.60120	             0.13312	
               3.960	             0.00912	             0.60113	             0.13303	
               3.980	             0.00902	             0.60106	             0.13294	
               4.000	             0.00894	             0.60099	             0.13286	
